12
8 19 1 17 6 1 9 6 1 19 14 3
19 3 2 1 18 13 20 8 20 17 15 9
1 2 4 3 5 19 16 19 17 14 4 5
17 1 3 10 15 17 9 11 11 15 1 17
6 18 5 15 20 3 6 5 9 9 6 1
1 13 19 17 3 18 4 15 5 9 2 14
9 20 16 9 6 4 15 1 8 2 10 12
6 8 19 11 5 15 1 18 14 9 20 14
1 20 17 11 9 5 8 14 7 17 4 13
19 17 14 15 9 9 2 9 17 2 10 2
14 15 4 1 6 2 10 20 4 10 19 8
3 9 5 17 1 14 12 14 13 2 8 3
