15
7 19 17 3 11 7 1 19 12 13 13 5 8 8 9
19 11 8 5 1 13 14 20 18 7 3 4 1 11 17
17 8 5 1 14 20 18 12 14 15 16 3 1 9 11
3 5 1 12 8 5 4 6 6 18 4 18 4 10 8
11 1 14 8 10 18 19 4 9 4 9 1 2 6 18
7 13 20 5 18 3 13 2 16 9 14 13 4 5 9
1 14 18 4 19 13 2 16 7 19 5 7 1 15 20
19 20 12 6 4 2 16 11 1 15 19 2 20 1 5
12 18 14 6 9 16 7 1 5 11 17 16 10 17 17
13 7 15 18 4 9 19 15 11 4 3 11 19 8 19
13 3 16 4 9 14 5 19 17 3 13 8 15 18 5
5 4 3 18 1 13 7 2 16 11 8 3 1 20 7
8 1 1 4 2 4 1 20 10 19 15 1 10 13 5
8 11 9 10 6 5 15 1 17 8 18 20 13 18 9
9 17 11 8 18 9 20 5 17 19 5 7 5 9 17
