8
11 6 6 20 5 13 8 17
6 16 15 15 8 9 18 1
6 15 12 9 2 1 7 7
20 15 9 15 12 15 1 15
5 8 2 12 14 12 17 16
13 9 1 15 12 8 16 20
8 18 7 1 17 16 7 17
17 1 7 15 16 20 17 17
